image=spritesheet.png
size=3584,3584
frame=512,512
count=48
frame_0001=0,0,512,512
frame_0002=512,0,512,512
frame_0003=1024,0,512,512
frame_0004=1536,0,512,512
frame_0005=2048,0,512,512
frame_0006=2560,0,512,512
frame_0007=3072,0,512,512
frame_0008=0,512,512,512
frame_0009=512,512,512,512
frame_0010=1024,512,512,512
frame_0011=1536,512,512,512
frame_0012=2048,512,512,512
frame_0013=2560,512,512,512
frame_0014=3072,512,512,512
frame_0015=0,1024,512,512
frame_0016=512,1024,512,512
frame_0017=1024,1024,512,512
frame_0018=1536,1024,512,512
frame_0019=2048,1024,512,512
frame_0020=2560,1024,512,512
frame_0021=3072,1024,512,512
frame_0022=0,1536,512,512
frame_0023=512,1536,512,512
frame_0024=1024,1536,512,512
frame_0025=1536,1536,512,512
frame_0026=2048,1536,512,512
frame_0027=2560,1536,512,512
frame_0028=3072,1536,512,512
frame_0029=0,2048,512,512
frame_0030=512,2048,512,512
frame_0031=1024,2048,512,512
frame_0032=1536,2048,512,512
frame_0033=2048,2048,512,512
frame_0034=2560,2048,512,512
frame_0035=3072,2048,512,512
frame_0036=0,2560,512,512
frame_0037=512,2560,512,512
frame_0038=1024,2560,512,512
frame_0039=1536,2560,512,512
frame_0040=2048,2560,512,512
frame_0041=2560,2560,512,512
frame_0042=3072,2560,512,512
frame_0043=0,3072,512,512
frame_0044=512,3072,512,512
frame_0045=1024,3072,512,512
frame_0046=1536,3072,512,512
frame_0047=2048,3072,512,512
frame_0048=2560,3072,512,512
